0.000000 0.000000 0.000000 0.000000
0.000000 0.000000 0.000000 0.000000
0.000000 0.000000 0.000000 0.000000
0.000000 0.000000 0.000000 0.000000

0.999988 -0.004784 0.000705 1.337755
0.004783 0.999988 0.000745 0.004186
-0.000709 -0.000741 0.999999 0.005670
0.000000 0.000000 0.000000 1.000000

0.999988 -0.004483 -0.001923 1.225443
0.004488 0.999987 0.002435 0.003310
0.001912 -0.002444 0.999995 0.004240
0.000000 0.000000 0.000000 1.000000

0.999984 -0.004321 -0.003737 1.233728
0.004328 0.999989 0.001973 0.003468
0.003729 -0.001989 0.999991 0.000791
0.000000 0.000000 0.000000 1.000000

0.999985 -0.005302 -0.001406 1.365577
0.005305 0.999983 0.002497 0.002953
0.001392 -0.002505 0.999996 0.001438
0.000000 0.000000 0.000000 1.000000

0.999987 -0.004960 0.000904 1.251167
0.004960 0.999988 -0.000199 0.002037
-0.000903 0.000204 1.000000 0.003314
0.000000 0.000000 0.000000 1.000000

0.999984 -0.005608 -0.000035 1.387594
0.005608 0.999984 -0.000002 0.002673
0.000035 0.000002 1.000000 0.002492
0.000000 0.000000 0.000000 1.000000

0.999983 -0.005333 -0.002370 1.270175
0.005332 0.999986 -0.000563 -0.000523
0.002373 0.000550 0.999997 0.001139
0.000000 0.000000 0.000000 1.000000

0.999985 -0.005345 -0.000940 1.277161
0.005345 0.999986 -0.000262 0.000116
0.000941 0.000257 1.000000 -0.000697
0.000000 0.000000 0.000000 1.000000

0.999988 -0.004835 0.000702 1.282912
0.004835 0.999988 0.000586 0.000453
-0.000705 -0.000582 1.000000 0.003047
0.000000 0.000000 0.000000 1.000000

0.999988 -0.004490 0.001949 1.416170
0.004487 0.999989 0.001355 0.002628
-0.001955 -0.001346 0.999997 0.006880
0.000000 0.000000 0.000000 1.000000

0.999994 -0.003120 0.001587 1.296810
0.003120 0.999995 0.000438 0.002104
-0.001588 -0.000433 0.999999 0.007312
0.000000 0.000000 0.000000 1.000000

0.999995 -0.003133 0.000005 1.430308
0.003133 0.999995 0.000322 0.001808
-0.000006 -0.000322 1.000000 0.008441
0.000000 0.000000 0.000000 1.000000

0.999995 -0.003019 -0.000284 1.305948
0.003019 0.999995 -0.000187 0.001215
0.000285 0.000186 1.000000 0.006061
0.000000 0.000000 0.000000 1.000000

0.999995 -0.002887 0.001556 1.312195
0.002886 0.999996 0.000279 -0.000814
-0.001557 -0.000275 0.999999 0.008478
0.000000 0.000000 0.000000 1.000000

0.999993 -0.003160 0.002093 1.448709
0.003157 0.999994 0.001477 0.002356
-0.002097 -0.001471 0.999997 0.012056
0.000000 0.000000 0.000000 1.000000

0.999996 -0.002748 0.001182 1.321786
0.002746 0.999995 0.001434 0.001140
-0.001186 -0.001431 0.999998 0.011360
0.000000 0.000000 0.000000 1.000000

0.999996 -0.002749 -0.000047 1.322691
0.002749 0.999996 0.000694 0.002686
0.000045 -0.000694 1.000000 0.012993
0.000000 0.000000 0.000000 1.000000

0.999993 -0.003313 -0.001951 1.458611
0.003311 0.999994 -0.000965 -0.001035
0.001954 0.000958 0.999998 0.011880
0.000000 0.000000 0.000000 1.000000

0.999994 -0.003457 -0.000481 1.325004
0.003457 0.999994 -0.000984 -0.000309
0.000485 0.000982 0.999999 0.011919
0.000000 0.000000 0.000000 1.000000

0.999992 -0.003994 -0.000407 1.329885
0.003993 0.999990 -0.002011 -0.002805
0.000415 0.002009 0.999998 0.012093
0.000000 0.000000 0.000000 1.000000

0.999987 -0.004993 -0.000504 1.463509
0.004992 0.999985 -0.002064 -0.001927
0.000514 0.002062 0.999998 0.012621
0.000000 0.000000 0.000000 1.000000

0.999989 -0.004679 -0.000509 1.333474
0.004679 0.999989 -0.000431 -0.002224
0.000511 0.000428 1.000000 0.012571
0.000000 0.000000 0.000000 1.000000

0.999990 -0.004538 -0.000172 1.335212
0.004538 0.999990 -0.000342 -0.001259
0.000174 0.000341 1.000000 0.012533
0.000000 0.000000 0.000000 1.000000

0.999988 -0.004785 0.000802 1.471484
0.004784 0.999987 0.001538 0.000688
-0.000809 -0.001535 0.999998 -0.089264
0.000000 0.000000 0.000000 1.000000

0.999989 -0.004244 0.001872 1.338248
0.004241 0.999990 0.001404 -0.000749
-0.001878 -0.001396 0.999997 0.011733
0.000000 0.000000 0.000000 1.000000

0.999990 -0.004213 0.001402 1.334976
0.004210 0.999990 0.001773 -0.000265
-0.001410 -0.001767 0.999997 0.013849
0.000000 0.000000 0.000000 1.000000

0.999988 -0.004814 0.000889 1.469001
0.004813 0.999987 0.001370 -0.001752
-0.000896 -0.001366 0.999999 0.016399
0.000000 0.000000 0.000000 1.000000

0.999991 -0.004228 0.000736 1.333423
0.004228 0.999990 0.001082 -0.002429
-0.000741 -0.001079 0.999999 0.015595
0.000000 0.000000 0.000000 1.000000

0.999990 -0.004540 0.000068 1.334760
0.004540 0.999988 0.001871 -0.002629
-0.000077 -0.001870 0.999998 0.013734
0.000000 0.000000 0.000000 1.000000

0.999988 -0.004882 0.000088 1.465433
0.004881 0.999981 0.003850 -0.002052
-0.000107 -0.003850 0.999993 0.015625
0.000000 0.000000 0.000000 1.000000

0.999991 -0.003988 -0.001312 1.331189
0.003994 0.999983 0.004294 0.000627
0.001294 -0.004299 0.999990 0.013995
0.000000 0.000000 0.000000 1.000000

0.999991 -0.003636 -0.002217 1.330248
0.003645 0.999986 0.003808 0.001351
0.002203 -0.003816 0.999990 0.012216
0.000000 0.000000 0.000000 1.000000

0.999991 -0.003844 -0.001754 1.462238
0.003848 0.999990 0.002130 0.001809
0.001746 -0.002137 0.999996 0.012812
0.000000 0.000000 0.000000 1.000000

0.999994 -0.003512 -0.000566 1.328870
0.003511 0.999992 -0.001943 -0.002414
0.000573 0.001941 0.999998 0.014398
0.000000 0.000000 0.000000 1.000000

0.999994 -0.003380 0.000086 1.327606
0.003380 0.999989 -0.003207 -0.007019
-0.000075 0.003207 0.999995 0.016540
0.000000 0.000000 0.000000 1.000000

0.999993 -0.003411 0.001795 1.459338
0.003419 0.999986 -0.004112 -0.008389
-0.001781 0.004118 0.999990 0.018759
0.000000 0.000000 0.000000 1.000000

0.999996 -0.002628 0.001017 1.326262
0.002631 0.999992 -0.003022 -0.007432
-0.001009 0.003025 0.999995 0.017496
0.000000 0.000000 0.000000 1.000000

0.999997 -0.002394 -0.000122 1.324857
0.002393 0.999994 -0.002652 -0.004918
0.000128 0.002652 0.999996 0.014039
0.000000 0.000000 0.000000 1.000000

0.999997 -0.002446 -0.000806 1.457301
0.002445 0.999996 -0.001384 -0.003095
0.000810 0.001382 0.999999 0.009570
0.000000 0.000000 0.000000 1.000000

0.999998 -0.001817 -0.000652 1.326297
0.001817 0.999998 -0.000068 -0.003022
0.000652 0.000066 1.000000 0.009994
0.000000 0.000000 0.000000 1.000000

0.999999 -0.001401 -0.000536 1.328412
0.001401 0.999999 -0.000212 -0.001550
0.000536 0.000211 1.000000 0.008896
0.000000 0.000000 0.000000 1.000000

0.999999 -0.001430 -0.000202 1.462081
0.001430 0.999999 -0.000188 0.000549
0.000202 0.000188 1.000000 0.011423
0.000000 0.000000 0.000000 1.000000

0.999999 -0.001119 -0.000430 1.332163
0.001119 0.999999 -0.001146 0.003461
0.000431 0.001145 0.999999 0.010427
0.000000 0.000000 0.000000 1.000000

0.999998 -0.001032 -0.001833 1.335383
0.001033 0.999999 0.000522 -0.000387
0.001832 -0.000524 0.999998 0.010891
0.000000 0.000000 0.000000 1.000000

0.999997 -0.000713 -0.002198 1.472898
0.000715 0.999999 0.000751 -0.001167
0.002198 -0.000753 0.999997 0.007896
0.000000 0.000000 0.000000 1.000000

1.000000 -0.000175 0.000005 1.339717
0.000175 0.999999 0.001600 0.000963
-0.000005 -0.001600 0.999999 0.005868
0.000000 0.000000 0.000000 1.000000

0.999999 0.000373 0.001307 1.343249
-0.000375 0.999999 0.001386 0.000344
-0.001307 -0.001387 0.999998 0.010227
0.000000 0.000000 0.000000 1.000000

0.999999 0.000226 0.001539 1.484354
-0.000225 1.000000 -0.000822 0.000716
-0.001539 0.000822 0.999998 0.011738
0.000000 0.000000 0.000000 1.000000

1.000000 -0.000040 -0.000798 1.355889
0.000038 0.999998 -0.001888 -0.002087
0.000799 0.001888 0.999998 0.013847
0.000000 0.000000 0.000000 1.000000

0.999997 0.000190 -0.002317 1.363934
-0.000198 0.999993 -0.003715 -0.004883
0.002316 0.003715 0.999990 0.013125
0.000000 0.000000 0.000000 1.000000

1.000000 0.000700 -0.000486 1.509714
-0.000702 0.999992 -0.003888 -0.004644
0.000483 0.003888 0.999992 0.016463
0.000000 0.000000 0.000000 1.000000

0.999999 0.000477 0.001127 1.381559
-0.000474 0.999995 -0.003266 -0.002638
-0.001128 0.003266 0.999994 0.018467
0.000000 0.000000 0.000000 1.000000

0.999998 0.000658 0.001801 1.521860
-0.000652 0.999993 -0.003578 -0.001756
-0.001804 0.003577 0.999992 0.019018
0.000000 0.000000 0.000000 1.000000

1.000000 0.000780 0.000624 1.384095
-0.000779 0.999998 -0.001606 0.001160
-0.000625 0.001605 0.999999 0.011409
0.000000 0.000000 0.000000 1.000000

0.999998 0.000893 0.001631 1.383478
-0.000891 0.999999 -0.001208 0.005911
-0.001632 0.001207 0.999998 0.013947
0.000000 0.000000 0.000000 1.000000

0.999996 0.001284 0.002623 1.386929
-0.001287 0.999998 0.001467 0.004708
-0.002621 -0.001471 0.999995 0.015944
0.000000 0.000000 0.000000 1.000000

0.999998 0.001577 -0.000843 1.531031
-0.001577 0.999999 0.000295 0.005101
0.000843 -0.000293 1.000000 0.016741
0.000000 0.000000 0.000000 1.000000

0.999990 0.000959 -0.004276 1.394344
-0.000950 0.999997 0.002093 0.003891
0.004278 -0.002089 0.999989 0.013669
0.000000 0.000000 0.000000 1.000000

0.999990 0.000979 -0.004340 1.395518
-0.000969 0.999997 0.002405 0.003250
0.004343 -0.002401 0.999988 0.010064
0.000000 0.000000 0.000000 1.000000

0.999993 0.000885 -0.003755 1.533945
-0.000858 0.999974 0.007229 0.007792
0.003761 -0.007226 0.999967 0.013364
0.000000 0.000000 0.000000 1.000000

0.999993 0.001465 0.003413 1.390650
-0.001468 0.999999 0.000689 0.005481
-0.003412 -0.000694 0.999994 0.014080
0.000000 0.000000 0.000000 1.000000

0.999935 0.000870 0.011336 1.391325
-0.000873 1.000000 0.000260 0.005601
-0.011336 -0.000270 0.999936 0.021550
0.000000 0.000000 0.000000 1.000000

0.999988 0.000080 0.004820 1.532106
-0.000037 0.999960 -0.008908 0.001006
-0.004820 0.008908 0.999949 0.021984
0.000000 0.000000 0.000000 1.000000

0.999992 -0.001072 -0.003850 1.392070
0.001026 0.999928 -0.011961 -0.006085
0.003863 0.011957 0.999921 0.019570
0.000000 0.000000 0.000000 1.000000

0.999974 -0.001063 -0.007185 1.389369
0.001021 0.999982 -0.005884 -0.012088
0.007191 0.005876 0.999957 0.013285
0.000000 0.000000 0.000000 1.000000

0.999992 -0.000255 -0.003886 1.527967
0.000245 0.999996 -0.002678 -0.013809
0.003887 0.002677 0.999989 0.014531
0.000000 0.000000 0.000000 1.000000

0.999999 -0.000170 0.001603 1.391981
0.000166 0.999997 0.002428 -0.008774
-0.001603 -0.002428 0.999996 0.018134
0.000000 0.000000 0.000000 1.000000

0.999996 -0.000376 0.002682 1.392702
0.000375 1.000000 0.000424 -0.008074
-0.002682 -0.000423 0.999996 0.017803
0.000000 0.000000 0.000000 1.000000

0.999998 -0.001022 0.001677 1.531080
0.001018 0.999996 0.002649 -0.009817
-0.001679 -0.002647 0.999995 0.017690
0.000000 0.000000 0.000000 1.000000

0.999998 -0.000589 0.001658 1.392206
0.000585 0.999998 0.001969 -0.002710
-0.001659 -0.001968 0.999997 0.012308
0.000000 0.000000 0.000000 1.000000

1.000000 -0.000592 0.000469 1.392234
0.000592 1.000000 -0.000074 -0.004670
-0.000468 0.000075 1.000000 0.012894
0.000000 0.000000 0.000000 1.000000

0.999996 -0.000638 -0.002923 1.541576
0.000625 0.999990 -0.004428 -0.007809
0.002925 0.004427 0.999986 0.017529
0.000000 0.000000 0.000000 1.000000

0.999999 -0.001368 0.000305 1.408112
0.001370 0.999981 -0.005957 -0.009145
-0.000297 0.005958 0.999982 0.018819
0.000000 0.000000 0.000000 1.000000

0.999998 -0.001478 0.000963 1.406162
0.001483 0.999988 -0.004616 -0.012838
-0.000956 0.004617 0.999989 0.016612
0.000000 0.000000 0.000000 1.000000

1.000000 -0.000428 -0.000818 1.543640
0.000426 0.999997 -0.002453 -0.016044
0.000819 0.002453 0.999997 0.015760
0.000000 0.000000 0.000000 1.000000

1.000000 -0.000077 0.000293 1.406531
0.000077 1.000000 -0.000028 -0.009441
-0.000293 0.000028 1.000000 0.015604
0.000000 0.000000 0.000000 1.000000

1.000000 -0.000346 0.000143 1.412025
0.000346 1.000000 0.000747 -0.003178
-0.000143 -0.000747 1.000000 0.018183
0.000000 0.000000 0.000000 1.000000

0.999982 -0.000643 -0.005935 1.556430
0.000631 0.999998 -0.002124 0.000731
0.005936 0.002120 0.999980 0.019815
0.000000 0.000000 0.000000 1.000000

0.999970 -0.000856 -0.007658 1.414792
0.000825 0.999991 -0.004112 -0.007471
0.007662 0.004105 0.999962 0.013057
0.000000 0.000000 0.000000 1.000000

0.999999 -0.000802 0.001440 1.422154
0.000805 0.999998 -0.001968 -0.007631
-0.001438 0.001969 0.999997 0.016178
0.000000 0.000000 0.000000 1.000000

0.999995 -0.001032 0.002960 1.563250
0.001033 0.999999 -0.000250 -0.005720
-0.002960 0.000253 0.999996 0.018213
0.000000 0.000000 0.000000 1.000000

1.000000 -0.000533 0.000386 1.424696
0.000532 0.999999 0.001526 -0.003364
-0.000386 -0.001526 0.999999 0.010900
0.000000 0.000000 0.000000 1.000000

0.999996 -0.000090 0.002724 1.426913
0.000081 0.999995 0.003263 -0.001447
-0.002724 -0.003262 0.999991 0.010467
0.000000 0.000000 0.000000 1.000000

0.999990 -0.000004 0.004466 1.575650
-0.000005 0.999998 0.002103 -0.001453
-0.004466 -0.002103 0.999988 0.016482
0.000000 0.000000 0.000000 1.000000

0.999998 -0.000143 0.002144 1.438997
0.000143 1.000000 -0.000194 -0.002007
-0.002144 0.000194 0.999998 0.021628
0.000000 0.000000 0.000000 1.000000

1.000000 -0.000383 -0.000860 1.441950
0.000382 0.999999 -0.000977 -0.005129
0.000860 0.000976 0.999999 0.019131
0.000000 0.000000 0.000000 1.000000

0.999997 -0.000376 -0.002357 1.591792
0.000373 0.999999 -0.001319 -0.003289
0.002358 0.001318 0.999996 0.018177
0.000000 0.000000 0.000000 1.000000

1.000000 -0.000009 -0.000205 1.449501
0.000009 1.000000 -0.000940 -0.002652
0.000205 0.000940 1.000000 0.014162
0.000000 0.000000 0.000000 1.000000

1.000000 0.000284 0.000795 1.456233
-0.000284 1.000000 -0.000783 -0.000567
-0.000795 0.000783 0.999999 0.015720
0.000000 0.000000 0.000000 1.000000

1.000000 0.000336 0.000130 1.600400
-0.000336 0.999999 -0.001154 -0.003876
-0.000131 0.001154 0.999999 0.012561
0.000000 0.000000 0.000000 1.000000

0.999999 0.000248 0.000970 1.459128
-0.000246 0.999998 -0.002083 -0.002521
-0.000970 0.002083 0.999997 0.010269
0.000000 0.000000 0.000000 1.000000

0.999999 0.000250 0.001417 1.463659
-0.000245 0.999994 -0.003466 -0.004242
-0.001418 0.003466 0.999993 0.012900
0.000000 0.000000 0.000000 1.000000

1.000000 0.000231 -0.000097 1.613095
-0.000231 0.999994 -0.003515 -0.006851
0.000096 0.003516 0.999994 0.012525
0.000000 0.000000 0.000000 1.000000

0.999999 0.000250 -0.001639 1.472034
-0.000255 0.999995 -0.003166 -0.008818
0.001638 0.003166 0.999994 0.010865
0.000000 0.000000 0.000000 1.000000

0.999998 0.000334 -0.001732 1.478889
-0.000341 0.999994 -0.003535 -0.009758
0.001731 0.003536 0.999992 0.008945
0.000000 0.000000 0.000000 1.000000

1.000000 0.000561 -0.000375 1.633736
-0.000562 0.999998 -0.002145 -0.012352
0.000374 0.002145 0.999998 0.008168
0.000000 0.000000 0.000000 1.000000

0.999999 0.000521 0.001239 1.489441
-0.000517 0.999995 -0.003230 -0.012168
-0.001241 0.003229 0.999994 0.010431
0.000000 0.000000 0.000000 1.000000

0.999999 0.000867 0.001119 1.495185
-0.000865 0.999998 -0.001945 -0.013533
-0.001121 0.001944 0.999997 0.009175
0.000000 0.000000 0.000000 1.000000

0.999999 0.000942 0.001223 1.653897
-0.000938 0.999995 -0.003094 -0.013990
-0.001226 0.003093 0.999994 0.010122
0.000000 0.000000 0.000000 1.000000

0.999999 0.000484 -0.001370 1.509841
-0.000486 0.999998 -0.001942 -0.017545
0.001369 0.001943 0.999997 0.006176
0.000000 0.000000 0.000000 1.000000

0.999994 0.000104 -0.003430 1.661521
-0.000107 1.000000 -0.000708 -0.017220
0.003430 0.000709 0.999994 0.007929
0.000000 0.000000 0.000000 1.000000

0.999999 -0.000246 -0.001681 1.512267
0.000246 1.000000 -0.000178 -0.021026
0.001681 0.000177 0.999999 0.007419
0.000000 0.000000 0.000000 1.000000

0.999999 -0.000617 0.001149 1.512995
0.000615 0.999999 0.001025 -0.017435
-0.001150 -0.001024 0.999999 0.009259
0.000000 0.000000 0.000000 1.000000

0.999997 -0.000847 0.002095 1.662633
0.000845 0.999999 0.000941 -0.017350
-0.002096 -0.000939 0.999997 0.008562
0.000000 0.000000 0.000000 1.000000

1.000000 -0.000685 0.000633 1.511537
0.000683 0.999997 0.002437 -0.010649
-0.000635 -0.002436 0.999997 0.011998
0.000000 0.000000 0.000000 1.000000

0.999999 -0.000813 0.000651 1.511680
0.000812 0.999999 0.001345 -0.008624
-0.000652 -0.001345 0.999999 0.012997
0.000000 0.000000 0.000000 1.000000

0.999999 -0.001095 0.000353 1.513878
0.001094 0.999997 0.002074 -0.007207
-0.000356 -0.002073 0.999998 0.010653
0.000000 0.000000 0.000000 1.000000

0.999999 -0.001313 -0.000097 1.662529
0.001313 0.999998 0.001389 -0.009228
0.000096 -0.001389 0.999999 0.007833
0.000000 0.000000 0.000000 1.000000

0.999999 -0.000907 0.000449 1.508108
0.000907 1.000000 0.000311 -0.009695
-0.000449 -0.000311 1.000000 0.001219
0.000000 0.000000 0.000000 1.000000

0.999999 -0.001021 0.000477 1.501459
0.001021 0.999999 -0.000745 -0.009705
-0.000476 0.000746 1.000000 0.007845
0.000000 0.000000 0.000000 1.000000

0.999999 -0.001370 0.001022 1.649856
0.001372 0.999997 -0.001997 -0.009075
-0.001020 0.001999 0.999997 0.012835
0.000000 0.000000 0.000000 1.000000

0.999999 -0.001148 -0.001070 1.496721
0.001148 0.999999 0.000290 -0.008695
0.001070 -0.000291 0.999999 0.013257
0.000000 0.000000 0.000000 1.000000

0.999996 -0.001039 -0.002506 1.495199
0.001043 0.999998 0.001603 -0.006526
0.002504 -0.001605 0.999996 0.017711
0.000000 0.000000 0.000000 1.000000

1.000000 -0.000755 0.000280 1.641859
0.000754 0.999995 0.003100 -0.007539
-0.000282 -0.003100 0.999995 0.019701
0.000000 0.000000 0.000000 1.000000

0.999994 -0.000581 0.003516 1.490757
0.000581 1.000000 0.000241 -0.006455
-0.003516 -0.000239 0.999994 0.022221
0.000000 0.000000 0.000000 1.000000

0.999995 -0.000786 0.003046 1.489785
0.000794 0.999996 -0.002669 -0.006608
-0.003044 0.002672 0.999992 0.026481
0.000000 0.000000 0.000000 1.000000

0.999999 -0.001407 -0.000707 1.631347
0.001403 0.999984 -0.005515 -0.011771
0.000715 0.005514 0.999985 0.026278
0.000000 0.000000 0.000000 1.000000

0.999993 -0.001451 -0.003379 1.479288
0.001443 0.999996 -0.002498 -0.009764
0.003383 0.002493 0.999991 0.022203
0.000000 0.000000 0.000000 1.000000

0.999986 -0.000816 -0.005316 1.473219
0.000849 0.999981 0.006175 -0.006117
0.005311 -0.006179 0.999967 0.014883
0.000000 0.000000 0.000000 1.000000

1.000000 0.000303 0.000145 1.620645
-0.000303 0.999994 0.003515 -0.000550
-0.000144 -0.003515 0.999994 0.017541
0.000000 0.000000 0.000000 1.000000

0.999961 0.000583 0.008827 1.472507
-0.000637 0.999981 0.006149 0.000557
-0.008823 -0.006154 0.999942 0.024335
0.000000 0.000000 0.000000 1.000000

0.999998 -0.000490 0.002152 1.468159
0.000493 0.999999 -0.001541 -0.004612
-0.002151 0.001542 0.999996 0.021319
0.000000 0.000000 0.000000 1.000000

1.000000 -0.000804 0.000447 1.613040
0.000807 0.999970 -0.007718 -0.010654
-0.000441 0.007719 0.999970 0.019460
0.000000 0.000000 0.000000 1.000000

1.000000 -0.000562 -0.000592 1.463381
0.000559 0.999985 -0.005489 -0.013003
0.000595 0.005489 0.999985 0.018216
0.000000 0.000000 0.000000 1.000000

0.999995 -0.000382 -0.003206 1.459267
0.000372 0.999995 -0.002994 -0.005281
0.003207 0.002993 0.999990 0.019795
0.000000 0.000000 0.000000 1.000000

0.999992 -0.000397 -0.004097 1.605958
0.000395 1.000000 -0.000379 -0.005770
0.004098 0.000377 0.999992 0.016189
0.000000 0.000000 0.000000 1.000000

0.999997 0.000242 -0.002223 1.461974
-0.000235 0.999996 0.002822 -0.001277
0.002224 -0.002821 0.999994 0.012698
0.000000 0.000000 0.000000 1.000000

1.000000 0.000626 -0.000452 1.462237
-0.000626 0.999999 0.001116 -0.003792
0.000453 -0.001116 0.999999 0.013675
0.000000 0.000000 0.000000 1.000000

0.999996 0.000268 0.002790 1.607911
-0.000269 1.000000 0.000628 -0.003240
-0.002789 -0.000629 0.999996 0.012873
0.000000 0.000000 0.000000 1.000000

0.999997 0.000316 0.002423 1.458770
-0.000310 0.999997 -0.002480 -0.004974
-0.002424 0.002479 0.999994 0.014947
0.000000 0.000000 0.000000 1.000000

1.000000 0.000300 0.000406 1.455267
-0.000299 0.999999 -0.001394 0.000329
-0.000406 0.001394 0.999999 0.017676
0.000000 0.000000 0.000000 1.000000

0.999997 -0.000023 -0.002338 1.598269
0.000017 0.999997 -0.002282 -0.003069
0.002338 0.002282 0.999995 0.020811
0.000000 0.000000 0.000000 1.000000

0.999999 -0.000085 -0.001658 1.449498
0.000083 0.999999 -0.001375 -0.008139
0.001658 0.001375 0.999998 0.009771
0.000000 0.000000 0.000000 1.000000

0.999996 0.000406 -0.002941 1.590915
-0.000402 0.999999 0.001287 -0.006919
0.002942 -0.001285 0.999995 0.008765
0.000000 0.000000 0.000000 1.000000

0.999996 0.000210 -0.002951 1.442640
-0.000203 0.999997 0.002372 -0.003585
0.002951 -0.002372 0.999993 0.008768
0.000000 0.000000 0.000000 1.000000

1.000000 -0.000105 0.000574 1.441348
0.000103 0.999991 0.004226 0.002194
-0.000574 -0.004226 0.999991 0.008956
0.000000 0.000000 0.000000 1.000000

0.999995 -0.000455 0.003106 1.582395
0.000441 0.999990 0.004483 0.003280
-0.003108 -0.004482 0.999985 0.014756
0.000000 0.000000 0.000000 1.000000

0.999996 -0.000522 0.002768 1.434241
0.000516 0.999997 0.002409 0.008740
-0.002769 -0.002408 0.999993 0.011840
0.000000 0.000000 0.000000 1.000000

0.999994 -0.000367 0.003320 1.427913
0.000364 0.999999 0.001070 0.002058
-0.003321 -0.001069 0.999994 0.010189
0.000000 0.000000 0.000000 1.000000

0.999998 -0.000918 0.001888 1.424187
0.000922 0.999996 -0.002495 -0.001204
-0.001886 0.002496 0.999995 0.008803
0.000000 0.000000 0.000000 1.000000

0.999999 -0.001651 -0.000382 1.565815
0.001649 0.999987 -0.004773 -0.002677
0.000390 0.004772 0.999989 0.004030
0.000000 0.000000 0.000000 1.000000

0.999996 -0.001266 -0.002399 1.419489
0.001256 0.999990 -0.004245 -0.003260
0.002404 0.004242 0.999988 0.005905
0.000000 0.000000 0.000000 1.000000

0.999998 -0.001110 -0.001642 1.420390
0.001107 0.999998 -0.001514 0.001750
0.001644 0.001512 0.999998 -0.005869
0.000000 0.000000 0.000000 1.000000

0.999999 -0.001196 -0.000663 1.556937
0.001197 0.999998 0.001591 0.002441
0.000661 -0.001591 0.999999 0.005124
0.000000 0.000000 0.000000 1.000000

1.000000 -0.000855 -0.000387 1.414374
0.000856 0.999998 0.002010 0.011128
0.000385 -0.002010 0.999998 0.001677
0.000000 0.000000 0.000000 1.000000

1.000000 -0.000311 0.000030 1.410166
0.000311 0.999998 0.002155 0.007440
-0.000031 -0.002155 0.999998 0.006639
0.000000 0.000000 0.000000 1.000000

1.000000 -0.000121 -0.000049 1.548306
0.000121 0.999997 0.002266 0.010058
0.000049 -0.002266 0.999997 0.007105
0.000000 0.000000 0.000000 1.000000

1.000000 -0.000070 0.000256 1.403500
0.000070 1.000000 0.000854 0.006074
-0.000256 -0.000854 1.000000 0.009093
0.000000 0.000000 0.000000 1.000000

1.000000 0.000018 -0.000922 1.400679
-0.000015 0.999996 0.002881 0.006671
0.000923 -0.002881 0.999995 0.010299
0.000000 0.000000 0.000000 1.000000

0.999993 -0.000125 -0.003800 1.537557
0.000144 0.999988 0.004924 0.010876
0.003799 -0.004925 0.999981 0.007683
0.000000 0.000000 0.000000 1.000000

0.999995 0.000698 0.003234 1.396307
-0.000689 0.999996 -0.002837 0.005540
-0.003236 0.002835 0.999991 0.009407
0.000000 0.000000 0.000000 1.000000

0.999976 0.000168 0.006961 1.395373
-0.000170 1.000000 0.000238 0.006447
-0.006961 -0.000239 0.999976 0.014999
0.000000 0.000000 0.000000 1.000000

0.999999 -0.000749 -0.001065 1.529180
0.000741 0.999974 -0.007113 -0.002677
0.001070 0.007112 0.999974 0.015992
0.000000 0.000000 0.000000 1.000000

0.999995 -0.000512 -0.003227 1.387875
0.000496 0.999987 -0.005073 0.000366
0.003230 0.005071 0.999982 0.010148
0.000000 0.000000 0.000000 1.000000

0.999998 0.000021 -0.002004 1.385542
-0.000024 0.999999 -0.001464 0.000854
0.002004 0.001464 0.999997 0.011117
0.000000 0.000000 0.000000 1.000000

1.000000 0.000290 -0.000040 1.522797
-0.000290 0.999999 0.001169 0.004572
0.000041 -0.001169 0.999999 0.014405
0.000000 0.000000 0.000000 1.000000

1.000000 0.000314 0.000646 1.381350
-0.000316 0.999998 0.002017 0.003877
-0.000645 -0.002018 0.999998 0.014182
0.000000 0.000000 0.000000 1.000000

0.999999 0.000493 0.001005 1.379180
-0.000493 1.000000 -0.000194 0.003534
-0.001005 0.000194 0.999999 0.014712
0.000000 0.000000 0.000000 1.000000

0.999999 0.000434 0.001181 1.515577
-0.000433 1.000000 -0.000502 0.004154
-0.001181 0.000502 0.999999 0.017794
0.000000 0.000000 0.000000 1.000000

0.999999 -0.000021 -0.001355 1.374642
0.000020 0.999999 -0.001250 0.001960
0.001355 0.001250 0.999998 0.014984
0.000000 0.000000 0.000000 1.000000

0.999999 0.000130 -0.001554 1.372582
-0.000131 1.000000 -0.000473 0.002842
0.001554 0.000474 0.999999 0.012663
0.000000 0.000000 0.000000 1.000000

0.999999 0.001057 -0.000030 1.509158
-0.001057 0.999999 0.000650 0.003014
0.000031 -0.000650 1.000000 0.013765
0.000000 0.000000 0.000000 1.000000

0.999999 0.001314 0.001013 1.372463
-0.001315 0.999999 0.000654 0.004100
-0.001012 -0.000655 0.999999 0.014267
0.000000 0.000000 0.000000 1.000000

0.999998 0.001712 -0.000680 1.510605
-0.001712 0.999998 -0.000618 0.003882
0.000679 0.000619 1.000000 0.017581
0.000000 0.000000 0.000000 1.000000

0.999996 0.001474 -0.002374 1.373594
-0.001476 0.999999 -0.000594 0.003994
0.002373 0.000598 0.999997 0.013927
0.000000 0.000000 0.000000 1.000000

0.999998 0.001697 -0.001195 1.373701
-0.001698 0.999998 -0.000388 0.002584
0.001194 0.000390 0.999999 0.011606
0.000000 0.000000 0.000000 1.000000

0.999996 0.002485 0.000958 1.513678
-0.002485 0.999997 0.000008 0.003696
-0.000958 -0.000010 1.000000 0.014151
0.000000 0.000000 0.000000 1.000000

0.999996 0.002430 0.001572 1.377540
-0.002428 0.999997 -0.000870 0.002725
-0.001574 0.000866 0.999998 0.014388
0.000000 0.000000 0.000000 1.000000

0.999998 0.002045 -0.000052 1.378904
-0.002045 0.999997 -0.001264 0.001629
0.000049 0.001264 0.999999 0.013598
0.000000 0.000000 0.000000 1.000000

0.999998 0.001451 -0.001327 1.518338
-0.001455 0.999995 -0.002779 -0.000940
0.001323 0.002781 0.999995 0.014148
0.000000 0.000000 0.000000 1.000000

0.999999 0.001045 -0.001033 1.382093
-0.001046 0.999999 -0.000770 -0.000721
0.001032 0.000771 0.999999 0.011270
0.000000 0.000000 0.000000 1.000000

0.999999 0.001385 -0.000395 1.388647
-0.001385 0.999999 -0.000831 0.002319
0.000394 0.000831 1.000000 0.009712
0.000000 0.000000 0.000000 1.000000

0.999999 0.001517 0.000611 1.529975
-0.001518 0.999997 0.002032 0.002868
-0.000608 -0.002033 0.999998 0.011736
0.000000 0.000000 0.000000 1.000000

0.999999 0.001537 0.000376 1.396771
-0.001538 0.999998 0.001556 -0.002424
-0.000374 -0.001557 0.999999 0.010305
0.000000 0.000000 0.000000 1.000000

0.999998 0.001604 0.001449 1.399229
-0.001606 0.999997 0.001723 -0.004490
-0.001446 -0.001725 0.999997 0.009664
0.000000 0.000000 0.000000 1.000000

0.999997 0.001981 0.001537 1.539066
-0.001986 0.999993 0.003266 -0.004527
-0.001531 -0.003269 0.999993 0.012275
0.000000 0.000000 0.000000 1.000000

0.999998 0.001768 0.001129 1.400133
-0.001770 0.999997 0.001503 -0.007003
-0.001126 -0.001505 0.999998 0.009666
0.000000 0.000000 0.000000 1.000000

0.999998 0.001691 0.001138 1.400293
-0.001694 0.999997 0.001928 -0.009878
-0.001135 -0.001930 0.999997 0.007885
0.000000 0.000000 0.000000 1.000000

0.999998 0.001999 0.000484 1.536112
-0.001999 0.999997 0.001162 -0.012245
-0.000482 -0.001163 0.999999 0.010619
0.000000 0.000000 0.000000 1.000000

0.999998 0.001600 -0.000763 1.391495
-0.001600 0.999998 0.000754 -0.008185
0.000764 -0.000753 0.999999 0.013636
0.000000 0.000000 0.000000 1.000000

0.999999 0.001614 0.000126 1.391988
-0.001614 0.999999 -0.000082 -0.012526
-0.000126 0.000082 1.000000 0.013034
0.000000 0.000000 0.000000 1.000000

0.999997 0.001636 0.001544 1.527667
-0.001636 0.999999 0.000130 -0.008954
-0.001544 -0.000132 0.999999 0.016366
0.000000 0.000000 0.000000 1.000000

0.999995 0.001520 0.002681 1.393067
-0.001520 0.999999 0.000018 -0.012567
-0.002681 -0.000022 0.999996 0.009651
0.000000 0.000000 0.000000 1.000000

0.999997 0.001384 0.002081 1.391545
-0.001384 0.999999 0.000315 -0.009453
-0.002080 -0.000318 0.999998 0.008649
0.000000 0.000000 0.000000 1.000000

0.999998 0.001624 0.000854 1.524450
-0.001626 0.999996 0.002415 -0.006376
-0.000850 -0.002416 0.999997 0.010738
0.000000 0.000000 0.000000 1.000000

0.999998 0.001558 -0.000794 1.375624
-0.001556 0.999995 0.002656 -0.001364
0.000798 -0.002654 0.999996 0.012196
0.000000 0.000000 0.000000 1.000000

0.999999 0.001367 -0.000393 1.370129
-0.001366 0.999998 0.001594 -0.001356
0.000396 -0.001593 0.999999 0.012098
0.000000 0.000000 0.000000 1.000000

0.999999 0.001423 -0.000332 1.503949
-0.001423 0.999999 0.000506 -0.000333
0.000333 -0.000506 1.000000 0.011520
0.000000 0.000000 0.000000 1.000000

0.999999 0.001022 -0.001051 1.360934
-0.001023 0.999999 -0.000436 0.000991
0.001051 0.000437 0.999999 0.010559
0.000000 0.000000 0.000000 1.000000

0.999999 0.000906 -0.001010 1.362724
-0.000906 1.000000 0.000041 -0.002384
0.001010 -0.000040 0.999999 0.008451
0.000000 0.000000 0.000000 1.000000

0.999997 0.001185 -0.001977 1.483578
-0.001184 0.999999 0.000759 -0.002308
0.001978 -0.000756 0.999998 0.018473
0.000000 0.000000 0.000000 1.000000

0.999996 0.001377 -0.002310 1.342516
-0.001373 0.999998 0.001353 -0.001902
0.002312 -0.001350 0.999996 0.019977
0.000000 0.000000 0.000000 1.000000

0.999999 0.001340 -0.000892 1.331067
-0.001339 0.999998 0.001725 -0.005705
0.000894 -0.001724 0.999998 0.020611
0.000000 0.000000 0.000000 1.000000

0.999999 0.001406 -0.000082 1.450377
-0.001406 0.999998 0.001157 -0.014165
0.000083 -0.001156 0.999999 0.035485
0.000000 0.000000 0.000000 1.000000

0.999999 0.001465 0.000007 1.317553
-0.001465 0.999999 -0.000354 -0.011878
-0.000008 0.000354 1.000000 0.031656
0.000000 0.000000 0.000000 1.000000

0.999999 0.000936 -0.000691 1.312328
-0.000937 0.999997 -0.002188 -0.010731
0.000689 0.002188 0.999997 0.024446
0.000000 0.000000 0.000000 1.000000

0.999999 0.001138 -0.001042 1.436920
-0.001137 0.999999 0.000518 -0.012345
0.001043 -0.000517 0.999999 0.023815
0.000000 0.000000 0.000000 1.000000

0.999998 0.001548 0.001394 1.306595
-0.001549 0.999999 0.000623 -0.008048
-0.001393 -0.000625 0.999999 0.017602
0.000000 0.000000 0.000000 1.000000

0.999999 0.001264 0.000976 1.297834
-0.001265 0.999999 0.000608 -0.010528
-0.000976 -0.000609 0.999999 0.026162
0.000000 0.000000 0.000000 1.000000

0.999999 0.001491 0.000303 1.433930
-0.001491 0.999999 0.000485 -0.006766
-0.000303 -0.000485 1.000000 0.018642
0.000000 0.000000 0.000000 1.000000

0.999999 0.001287 -0.001088 1.296312
-0.001284 0.999996 0.002471 -0.009385
0.001091 -0.002469 0.999996 0.014382
0.000000 0.000000 0.000000 1.000000

0.999998 0.001655 -0.000666 1.300378
-0.001655 0.999999 0.000345 -0.005525
0.000666 -0.000344 1.000000 0.010085
0.000000 0.000000 0.000000 1.000000

0.999997 0.002241 -0.000955 1.429200
-0.002239 0.999997 0.001318 -0.006403
0.000958 -0.001316 0.999999 0.011001
0.000000 0.000000 0.000000 1.000000

0.999996 0.001869 -0.002063 1.302570
-0.001870 0.999998 -0.000662 -0.005490
0.002062 0.000665 0.999998 0.010933
0.000000 0.000000 0.000000 1.000000

0.999999 0.001561 -0.000440 1.304247
-0.001562 0.999996 -0.002194 -0.007010
0.000436 0.002194 0.999997 0.010428
0.000000 0.000000 0.000000 1.000000

0.999998 0.001738 -0.000542 1.434917
-0.001739 0.999996 -0.002278 -0.008581
0.000538 0.002279 0.999997 0.011139
0.000000 0.000000 0.000000 1.000000

0.999998 0.002063 0.000334 1.308493
-0.002063 0.999997 -0.001266 -0.005793
-0.000336 0.001266 0.999999 0.010878
0.000000 0.000000 0.000000 1.000000

0.999997 0.002321 -0.000191 1.440675
-0.002321 0.999997 -0.000817 -0.006061
0.000189 0.000817 1.000000 0.012815
0.000000 0.000000 0.000000 1.000000

0.999996 0.002643 -0.000740 1.312950
-0.002644 0.999996 -0.000769 -0.004241
0.000738 0.000771 0.999999 0.011123
0.000000 0.000000 0.000000 1.000000

0.999994 0.003214 -0.001049 1.314557
-0.003213 0.999995 0.000760 -0.003386
0.001051 -0.000756 0.999999 0.008588
0.000000 0.000000 0.000000 1.000000

0.999991 0.004103 0.000615 1.450925
-0.004103 0.999992 0.000095 -0.002872
-0.000615 -0.000097 1.000000 0.008154
0.000000 0.000000 0.000000 1.000000

0.999993 0.003683 0.000555 1.318589
-0.003683 0.999993 0.000947 -0.004281
-0.000551 -0.000949 0.999999 0.004434
0.000000 0.000000 0.000000 1.000000

0.999994 0.003572 -0.000461 1.313534
-0.003573 0.999994 -0.000057 0.002501
0.000461 0.000059 1.000000 0.014469
0.000000 0.000000 0.000000 1.000000

0.999993 0.003625 -0.000867 1.443108
-0.003624 0.999992 0.001445 0.002853
0.000872 -0.001442 0.999999 0.022237
0.000000 0.000000 0.000000 1.000000

0.999993 0.003843 -0.000214 1.314531
-0.003843 0.999993 0.000347 0.001346
0.000216 -0.000346 1.000000 0.020765
0.000000 0.000000 0.000000 1.000000

0.999994 0.003441 0.000929 1.318734
-0.003442 0.999994 0.000989 0.001322
-0.000925 -0.000993 0.999999 0.017783
0.000000 0.000000 0.000000 1.000000

0.999994 0.003322 -0.000056 1.447706
-0.003322 0.999994 -0.000229 -0.001511
0.000055 0.000230 1.000000 0.021588
0.000000 0.000000 0.000000 1.000000

0.999996 0.002926 -0.000306 1.317256
-0.002926 0.999996 -0.000203 -0.004114
0.000305 0.000204 1.000000 0.008645
0.000000 0.000000 0.000000 1.000000

0.999996 0.002699 -0.000556 1.311456
-0.002699 0.999996 -0.000624 -0.004942
0.000555 0.000626 1.000000 0.004807
0.000000 0.000000 0.000000 1.000000

0.999997 0.002293 -0.000307 1.440931
-0.002293 0.999997 -0.000486 -0.004797
0.000306 0.000487 1.000000 0.003393
0.000000 0.000000 0.000000 1.000000

0.999997 0.002412 0.000080 1.302166
-0.002412 0.999997 -0.000830 -0.006227
-0.000082 0.000830 1.000000 -0.004755
0.000000 0.000000 0.000000 1.000000

0.999997 0.002516 -0.000326 1.303740
-0.002516 0.999997 -0.000365 -0.002937
0.000325 0.000365 1.000000 0.001734
0.000000 0.000000 0.000000 1.000000

0.999997 0.002319 -0.001200 1.435692
-0.002318 0.999997 0.000916 -0.002827
0.001202 -0.000913 0.999999 -0.000855
0.000000 0.000000 0.000000 1.000000

0.999997 0.002310 -0.000905 1.309874
-0.002309 0.999997 0.000947 -0.003265
0.000908 -0.000945 0.999999 -0.000968
0.000000 0.000000 0.000000 1.000000

0.999997 0.002610 0.000352 1.312645
-0.002610 0.999996 0.000697 -0.002600
-0.000350 -0.000698 1.000000 0.003304
0.000000 0.000000 0.000000 1.000000

0.999993 0.003659 0.000414 1.446946
-0.003659 0.999993 -0.000259 -0.003769
-0.000415 0.000257 1.000000 0.006675
0.000000 0.000000 0.000000 1.000000

0.999993 0.003684 -0.000421 1.317339
-0.003684 0.999993 0.000019 -0.002043
0.000421 -0.000018 1.000000 0.010180
0.000000 0.000000 0.000000 1.000000

0.999993 0.003259 -0.001931 1.317332
-0.003259 0.999995 0.000134 -0.004077
0.001932 -0.000128 0.999998 0.011285
0.000000 0.000000 0.000000 1.000000

0.999993 0.003643 -0.000507 1.452080
-0.003643 0.999993 -0.000739 -0.003672
0.000504 0.000741 1.000000 0.014519
0.000000 0.000000 0.000000 1.000000

0.999994 0.003413 0.000217 1.322456
-0.003413 0.999994 0.000562 -0.004350
-0.000215 -0.000563 1.000000 0.012799
0.000000 0.000000 0.000000 1.000000

0.999992 0.003913 -0.000119 1.323643
-0.003913 0.999992 0.000272 -0.001433
0.000120 -0.000271 1.000000 0.014536
0.000000 0.000000 0.000000 1.000000

0.999992 0.003857 0.000595 1.453194
-0.003858 0.999991 0.001490 -0.004440
-0.000589 -0.001492 0.999999 0.018801
0.000000 0.000000 0.000000 1.000000

0.999994 0.003344 0.001139 1.325713
-0.003345 0.999994 0.000287 -0.005168
-0.001138 -0.000290 0.999999 0.018659
0.000000 0.000000 0.000000 1.000000

0.999994 0.003421 0.000370 1.329034
-0.003421 0.999994 0.000131 -0.006129
-0.000369 -0.000133 1.000000 0.017631
0.000000 0.000000 0.000000 1.000000

0.999993 0.003581 -0.000690 1.463420
-0.003581 0.999993 0.000747 -0.009560
0.000693 -0.000745 0.999999 0.024710
0.000000 0.000000 0.000000 1.000000

0.999995 0.003260 0.000234 1.335694
-0.003259 0.999995 -0.000465 -0.006450
-0.000235 0.000465 1.000000 0.018482
0.000000 0.000000 0.000000 1.000000

0.999995 0.003007 0.000140 1.335159
-0.003007 0.999995 0.000738 -0.008987
-0.000138 -0.000738 1.000000 0.021338
0.000000 0.000000 0.000000 1.000000

0.999995 0.003305 0.000006 1.477759
-0.003305 0.999994 0.000996 -0.006515
-0.000003 -0.000996 1.000000 0.016743
0.000000 0.000000 0.000000 1.000000

0.999996 0.002882 0.000661 1.345677
-0.002883 0.999996 0.000432 -0.007391
-0.000660 -0.000434 1.000000 0.017952
0.000000 0.000000 0.000000 1.000000

0.999995 0.003114 0.000488 1.350539
-0.003114 0.999995 0.000464 -0.005672
-0.000486 -0.000465 1.000000 0.017051
0.000000 0.000000 0.000000 1.000000

0.999994 0.003286 -0.000604 1.486171
-0.003286 0.999994 0.000822 -0.008060
0.000606 -0.000820 0.999999 0.025087
0.000000 0.000000 0.000000 1.000000

0.999995 0.003057 -0.001182 1.353820
-0.003056 0.999995 0.000863 -0.006213
0.001185 -0.000860 0.999999 0.018569
0.000000 0.000000 0.000000 1.000000

0.999996 0.002846 0.000376 1.357939
-0.002845 0.999996 -0.000533 -0.005783
-0.000378 0.000531 1.000000 0.017003
0.000000 0.000000 0.000000 1.000000

0.999995 0.002965 0.000865 1.432514
-0.002964 0.999995 -0.000841 -0.008855
-0.000867 0.000838 0.999999 0.016204
0.000000 0.000000 0.000000 1.000000

0.999995 0.002966 0.000862 1.432519
-0.002965 0.999995 -0.000844 -0.004594
-0.000865 0.000841 0.999999 0.017450
0.000000 0.000000 0.000000 1.000000

0.999996 0.002820 -0.000522 1.366300
-0.002821 0.999996 -0.000874 -0.008315
0.000519 0.000876 0.999999 0.015048
0.000000 0.000000 0.000000 1.000000

0.999995 0.003085 -0.000386 1.506234
-0.003085 0.999995 -0.000729 -0.008990
0.000384 0.000730 1.000000 0.022008
0.000000 0.000000 0.000000 1.000000

0.999995 0.003031 0.000057 1.369283
-0.003030 0.999994 -0.001448 -0.007142
-0.000062 0.001448 0.999999 0.026445
0.000000 0.000000 0.000000 1.000000

0.999995 0.003028 -0.000938 1.377021
-0.003028 0.999995 -0.000029 -0.005248
0.000937 0.000032 1.000000 0.016346
0.000000 0.000000 0.000000 1.000000

0.999995 0.003222 -0.000752 1.520669
-0.003224 0.999994 -0.001483 -0.003853
0.000747 0.001486 0.999999 0.006976
0.000000 0.000000 0.000000 1.000000

0.999996 0.002773 -0.000445 1.387140
-0.002773 0.999996 -0.001038 -0.002408
0.000443 0.001039 0.999999 0.001949
0.000000 0.000000 0.000000 1.000000

0.999996 0.002771 0.000023 1.390616
-0.002771 0.999995 -0.001557 -0.002763
-0.000027 0.001557 0.999999 0.003142
0.000000 0.000000 0.000000 1.000000

0.999996 0.002820 -0.000780 1.529421
-0.002820 0.999996 -0.000135 -0.004244
0.000779 0.000137 1.000000 0.010566
0.000000 0.000000 0.000000 1.000000

0.999994 0.002643 -0.002034 1.389358
-0.002644 0.999996 -0.000691 -0.003537
0.002033 0.000696 0.999998 0.015640
0.000000 0.000000 0.000000 1.000000

0.999996 0.002608 -0.000582 1.399304
-0.002608 0.999997 0.000440 -0.000475
0.000583 -0.000438 1.000000 -0.002482
0.000000 0.000000 0.000000 1.000000

0.999996 0.002874 0.000079 1.543259
-0.002874 0.999996 0.000174 -0.000796
-0.000079 -0.000175 1.000000 0.003709
0.000000 0.000000 0.000000 1.000000

0.999997 0.002439 0.000468 1.407785
-0.002439 0.999997 0.000295 0.000054
-0.000467 -0.000296 1.000000 -0.001431
0.000000 0.000000 0.000000 1.000000

0.999997 0.002343 0.000092 1.411837
-0.002343 0.999997 0.000356 -0.000375
-0.000091 -0.000356 1.000000 -0.000071
0.000000 0.000000 0.000000 1.000000

0.999996 0.002842 -0.000619 1.552479
-0.002841 0.999996 0.000686 -0.002081
0.000621 -0.000685 1.000000 0.001584
0.000000 0.000000 0.000000 1.000000

0.999997 0.002637 -0.000074 1.414624
-0.002637 0.999996 0.000730 -0.000981
0.000075 -0.000730 1.000000 0.003243
0.000000 0.000000 0.000000 1.000000

0.999997 0.002561 0.000467 1.417630
-0.002562 0.999996 0.000809 -0.000304
-0.000465 -0.000810 1.000000 0.005287
0.000000 0.000000 0.000000 1.000000

0.999996 0.002608 0.000548 1.563254
-0.002608 0.999996 0.000486 -0.000788
-0.000547 -0.000487 1.000000 0.006263
0.000000 0.000000 0.000000 1.000000

0.999997 0.002531 -0.000623 1.423975
-0.002531 0.999997 -0.000159 -0.001301
0.000623 0.000160 1.000000 0.006818
0.000000 0.000000 0.000000 1.000000

0.999996 0.002506 -0.000991 1.425686
-0.002506 0.999997 -0.000131 -0.001146
0.000990 0.000134 1.000000 0.005241
0.000000 0.000000 0.000000 1.000000

0.999997 0.002581 -0.000025 1.569758
-0.002581 0.999997 -0.000437 -0.002015
0.000024 0.000437 1.000000 0.006333
0.000000 0.000000 0.000000 1.000000

0.999997 0.002422 0.000477 1.426447
-0.002422 0.999997 -0.000185 -0.001372
-0.000478 0.000183 1.000000 0.008795
0.000000 0.000000 0.000000 1.000000

0.999997 0.002361 0.000112 1.429381
-0.002361 0.999997 0.000417 -0.001832
-0.000111 -0.000417 1.000000 0.011489
0.000000 0.000000 0.000000 1.000000

0.999996 0.002657 -0.000343 1.573891
-0.002657 0.999996 -0.000253 -0.001731
0.000342 0.000253 1.000000 0.012397
